305966076515319809 100
215373411894034432 100
158872975775367177 100
375487839640616964 100
305966076515319809 97
215373411894034432 95
375487839640616964 99
375487839640616964 97
158872975775367177 99
215373411894034432 89
375487839640616964 93
158872975775367177 98
375487839640616964 85
158872975775367177 99
375487839640616964 101
158872975775367177 94
158872975775367177 89
158872975775367177 94
158872975775367177 89
375487839640616964 100
158872975775367177 94
158872975775367177 89
375487839640616964 98
158872975775367177 94
158872975775367177 89
158872975775367177 84
158872975775367177 79
158872975775367177 84
375487839640616964 102
158872975775367177 79
158872975775367177 74
158872975775367177 69
158872975775367177 74
215373411894034432 77
158872975775367177 69
158872975775367177 64
158872975775367177 59
158872975775367177 64
158872975775367177 69
158872975775367177 64
158872975775367177 59
158872975775367177 64
158872975775367177 59
158872975775367177 54
158872975775367177 49
158872975775367177 0
375487839640616964 103
375487839640616964 102
375487839640616964 104
375487839640616964 105
375487839640616964 104
375487839640616964 106
375487839640616964 105
375487839640616964 103
375487839640616964 107
375487839640616964 108
375487839640616964 107
375487839640616964 109
375487839640616964 110
375487839640616964 109
375487839640616964 107
375487839640616964 111
375487839640616964 114
375487839640616964 111
375487839640616964 117
375487839640616964 120
375487839640616964 123
375487839640616964 120
375487839640616964 114
375487839640616964 102
375487839640616964 78
375487839640616964 126
215373411894034432 50
375487839640616964 131
375487839640616964 75
215373411894034432 25
215373411894034432 0
375487839640616964 72
375487839640616964 78
375487839640616964 81
375487839640616964 78
375487839640616964 84
375487839640616964 87
375487839640616964 84
375487839640616964 78
375487839640616964 66
375487839640616964 42
375487839640616964 84
375487839640616964 89
375487839640616964 94
375487839640616964 99
375487839640616964 104
375487839640616964 109
375487839640616964 104
375487839640616964 114
375487839640616964 109
375487839640616964 99
375487839640616964 79
375487839640616964 119
375487839640616964 114
375487839640616964 104
375487839640616964 124
375487839640616964 129
375487839640616964 124
375487839640616964 114
375487839640616964 94
375487839640616964 54
375487839640616964 0
190835857509449729 100
190835857509449729 95
190835857509449729 105
190835857509449729 85
190835857509449729 105
190835857509449729 120
190835857509449729 90
190835857509449729 95
190835857509449729 85
190835857509449729 75
190835857509449729 0
116701220655202304 100
116701220655202304 0
122276441646694400 100
122276441646694400 95
122276441646694400 85
122276441646694400 60
122276441646694400 9
122276441646694400 8
122276441646694400 7
122276441646694400 8
122276441646694400 15
122276441646694400 28
122276441646694400 8
122276441646694400 1
122276441646694400 2
122276441646694400 0
148732261460606976 100
148732261460606976 95
148732261460606976 100
305966076515319809 857
305966076515319809 757
305966076515319809 700
305966076515319809 600
305966076515319809 700
410801919507038228 100
305966076515319809 600
410801919507038228 200
305966076515319809 700
305966076515319809 600
305966076515319809 700
305966076515319809 600
305966076515319809 500
305966076515319809 100
305966076515319809 90
305966076515319809 80
305966076515319809 70
305966076515319809 60
305966076515319809 50
305966076515319809 40
305966076515319809 30
305966076515319809 20
305966076515319809 10
305966076515319809 0
305966076515319809 201
305966076515319809 191
158872975775367177 214
215373411894034432 288
305966076515319809 91
305966076515319809 20191
158872975775367177 114
215373411894034432 268
215373411894034432 248
215373411894034432 228
215373411894034432 208
215373411894034432 188
375487839640616964 123
158872975775367177 113
158872975775367177 111
158872975775367177 107
158872975775367177 99
158872975775367177 115
375487839640616964 23
158872975775367177 116
158872975775367177 115
158872975775367177 113
158872975775367177 109
158872975775367177 101
158872975775367177 117
305966076515319809 15916
215373411894034432 4463
375487839640616964 20
375487839640616964 14
375487839640616964 2
375487839640616964 0
215373411894034432 4473
305966076515319809 15816
375487839640616964 100
215373411894034432 4463
375487839640616964 110
375487839640616964 113
375487839640616964 110
375487839640616964 104
375487839640616964 92
375487839640616964 116
375487839640616964 113
375487839640616964 119
375487839640616964 116
375487839640616964 113
375487839640616964 116
375487839640616964 110
375487839640616964 98
215373411894034432 4443
375487839640616964 74
375487839640616964 122
375487839640616964 125
375487839640616964 130
375487839640616964 125
375487839640616964 135
375487839640616964 130
375487839640616964 120
375487839640616964 100
375487839640616964 140
375487839640616964 145
375487839640616964 150
375487839640616964 155
375487839640616964 160
375487839640616964 165
375487839640616964 160
375487839640616964 150
375487839640616964 130
375487839640616964 170
158872975775367177 118
375487839640616964 164
375487839640616964 176
375487839640616964 182
375487839640616964 176
375487839640616964 170
375487839640616964 164
375487839640616964 144
375487839640616964 104
375487839640616964 24
375487839640616964 26
375487839640616964 24
375487839640616964 28
375487839640616964 26
375487839640616964 22
375487839640616964 30
375487839640616964 34
375487839640616964 38
375487839640616964 35
375487839640616964 41
375487839640616964 38
375487839640616964 44
215373411894034432 4444
375487839640616964 49
375487839640616964 52
375487839640616964 55
375487839640616964 52
215373411894034432 4448
375487839640616964 58
375487839640616964 63
375487839640616964 58
305966076515319809 15806
375487839640616964 0
375487839640616964 52
375487839640616964 47
375487839640616964 37
148732261460606976 90
375487839640616964 57
375487839640616964 62
375487839640616964 72
375487839640616964 77
375487839640616964 72
375487839640616964 62
375487839640616964 42
148732261460606976 80
375487839640616964 2
375487839640616964 1
375487839640616964 2
375487839640616964 3
375487839640616964 4
375487839640616964 3
375487839640616964 4
375487839640616964 3
375487839640616964 2
375487839640616964 1
375487839640616964 0
148732261460606976 76
305966076515319809 15706
375487839640616964 100
148732261460606976 66
375487839640616964 0
148732261460606976 64
305966076515319809 15708
215373411894034432 4620
158872975775367177 188
215373411894034432 4520
215373411894034432 4515
375487839640616964 240
375487839640616964 140
305966076515319809 11275
158872975775367177 4621
158872975775367177 4521
215373411894034432 4708
158872975775367177 4636
375487839640616964 417
375487839640616964 317
375487839640616964 307
375487839640616964 277
375487839640616964 217
375487839640616964 317
375487839640616964 347
375487839640616964 337
375487839640616964 307
375487839640616964 237
375487839640616964 387
158872975775367177 4536
305966076515319809 9196
215373411894034432 6787
215373411894034432 6687
158872975775367177 4662
215373411894034432 6783
148732261460606976 54
148732261460606976 44
375487839640616964 287
375487839640616964 237
375487839640616964 347
375487839640616964 620
375487839640616964 570
375487839640616964 680
375487839640616964 630
375487839640616964 520
375487839640616964 750
148732261460606976 335
158872975775367177 4562
148732261460606976 235
375487839640616964 700
375487839640616964 590
375487839640616964 820
375487839640616964 800
148732261460606976 435
375487839640616964 750
375487839640616964 860
375487839640616964 820
375487839640616964 730
375487839640616964 920
375487839640616964 950
375487839640616964 900
148732261460606976 735
375487839640616964 1010
148732261460606976 1135
375487839640616964 710
375487839640616964 110
148732261460606976 1635
148732261460606976 1035
375487839640616964 115
375487839640616964 110
375487839640616964 120
375487839640616964 115
375487839640616964 125
375487839640616964 130
375487839640616964 125
375487839640616964 115
375487839640616964 135
148732261460606976 535
375487839640616964 130
375487839640616964 135
375487839640616964 140
148732261460606976 1035
375487839640616964 135
375487839640616964 125
375487839640616964 105
148732261460606976 1635
375487839640616964 145
148732261460606976 935
148732261460606976 1635
305966076515319809 9201
375487839640616964 45
375487839640616964 55
375487839640616964 50
375487839640616964 10
148732261460606976 1266
215373411894034432 6583
375487839640616964 0
375487839640616964 187
148732261460606976 897
375487839640616964 90
148732261460606976 1266
148732261460606976 1635
375487839640616964 60
375487839640616964 30
375487839640616964 0
148732261460606976 1135
148732261460606976 1635
148732261460606976 1535
375487839640616964 100
375487839640616964 110
375487839640616964 100
375487839640616964 90
148732261460606976 2335
375487839640616964 70
375487839640616964 50
375487839640616964 40
375487839640616964 20
375487839640616964 40
148732261460606976 1335
148732261460606976 335
375487839640616964 37
375487839640616964 43
158872975775367177 4510
375487839640616964 40
